6232
3256
1354
1788
4998
5102
2160
5316
9772
1540
5450
2178
6424
4776
8864
1804
3882
8752
6950
3050
2678
8822
8156
2744
9216
3832
5066
5738
9878
1160
8900
4218
6768
8540
2232
3564
5990
5934
2410
2500
808
9498
1532
5248
3324
1466
3956
8898
8776
7936
412
7896
2098
8662
9000
1926
6270
2660
4766
7002
148
5168
4900
4480
7808
9258
708
2020
888
9278
6380
2588
1740
922
8938
1828
2490
3650
346
4856
9260
3220
5034
2398
8272
2324
4948
2212
4456
8562
408
218
46
1184
8848
5736
9972
6648
1470
2124
5758
1222
32
5200
8892
688
6406
7788
952
4682
3480
9004
1606
8298
8082
5620
5714
4574
9780
5402
9504
2402
4278
5888
6250
1454
10
9208
4874
8656
9308
9326
4558
1504
7276
6952
884
5292
3308
4010
8820
700
5664
4534
3436
4278
8822
364
6110
934
6964
1740
6398
5742
3332
2690
904
4430
50
944
9088
8586
6278
9728
4094
7026
7712
4838
3708
6534
5796
4440
9206
9246
2572
9008
6288
1150
1088
3250
9448
7512
1612
3392
4420
530
7806
972
1928
478
3276
970
3780
5134
1024
5822
2808
4630
8150
9096
3936
2574
4550
1486
4396
2970
1412
4736
2092
2614
6628
7104
7086
9558
4876
2294
3754
7558
5650
8478
2096
6258
3850
1030
7856
1686
8850
4752
4662
9138
9226
6934
3290
8252
1436
9456
5074
4740
7732
7392
1678
6282
7634
9508
5690
7702
8994
6390
7218
60
1858
4588
360
6090
1548
6616
8212
3554
4220
2982
9946
4286
5576
256
6550
9166
7246
564
702
5594
4572
6582
3608
3942
5366
4932
3516
2236
4804
404
328
1080
3136
5980
4296
1904
6350
5984
1472
9322
7950
5062
7042
5210
5964
6546
2194
1330
8760
7204
9702
4940
2198
5156
6520
3190
626
220
6304
1632
3692
2562
9460
7194
4440
6790
2656
1804
2932
3238
4728
6402
4820
228
1332
8550
4262
3040
5634
1358
3572
6476
1600
5086
6460
40
9550
8764
1496
5700
9666
62
6988
9920
7932
4792
6854
3784
7644
548
2598
674
9958
8220
5764
4394
7992
6806
1010
9098
7646
3634
3162
5900
3706
8492
4774
8954
8962
2700
3460
6130
4760
5600
1058
798
3858
8172
4018
3032
2798
8300
3080
6462
966
2884
8328
7736
7834
8524
5438
6592
1502
6342
1252
3342
5958
3956
2932
8022
5590
1988
8708
124
3762
466
4030
4976
1494
7922
2868
3720
170
1790
1886
668
1932
7882
3234
782
4790
962
880
7186
962
1614
1316
3206
6246
2876
9760
9466
7012
2054
394
5976
3200
4166
6556
2110
9560
8872
1178
478
3954
7040
6188
2932
3972
7112
938
678
1018
7384
6102
4782
2768
706
2756
956
7300
5770
7346
2012
1622
3112
518
7538
3262
2898
4326
1464
178
1360
5768
1412
200
2850
7826
6880
5994
1590
9020
1988
8464
1942
132
6720
1676
8576
5406
5394
388
4896
6684
1182
3586
4922
7524
9616
3342
1082
3584
4020
8404
6136
9572
9460
3164
100
7382
1202
9792
4996
8282
6324
7010
8006
8884
3146
1936
9374
7500
7262
9338
2546
7632
5996
8306
8624
2380
7182
2636
9972
5092
508
9280
9876
1578
9972
1496
7064
5930
8476
2930
6374
2672
2002
830
2800
962
1672
7648
5980
5350
8862
5468
5460
5080
1364
4816
5994
3130
8528
1470
1140
1836
9634
7994
3158
5470
5232
6302
6284
776
2496
5000
9638
3946
6632
2532
254
558
320
310
8266
1938
7232
2110
1526
2532
3544
3670
8476
2442
916
5994
826
4476
8958
6814
6638
6786
5322
4278
9906
8992
4472
8678
4794
9768
7286
8664
3402
3114
858
1562
9960
312
6812
8388
9660
626
4288
8618
1956
3800
8354
1434
5150
3842
5378
9562
3288
3886
72
3980
1202
4102
8208
2086
1482
4686
6154
8976
6682
3168
4292
8650
2280
4436
4998
4360
4072
4186
8588
7476
8662
3638
4152
2906
3900
8202
3710
4932
4852
3710
1216
7784
7620
604
8168
5704
5082
9994
5964
5164
9426
4414
2514
6722
3778
4760
2956
1272
376
8962
7882
2556
6716
2436
2326
8076
7822
2238
6728
4628
8484
4962
8938
9112
380
3992
9682
2382
4606
5446
4662
9292
5328
964
6240
3488
7900
5718
1292
856
7962
3784
8852
9146
9950
72
7000
6680
7714
6960
4866
3376
7096
8412
526
8592
7150
336
2470
9588
8098
1392
2754
9070
9984
2508
8352
3202
3348
2354
9442
1706
8538
3442
2326
1674
6262
5878
5570
8774
1112
672
1454
1370
186
126
7892
3134
996
8104
2214
8902
3724
1298
1694
6376
5626
9198
9106
5664
9184
9004
3808
7400
2924
2220
8140
7678
1434
3756
5422
6164
1390
6310
6284
7358
4816
3848
2986
130
3660
3474
9088
3426
1088
6220
264
5798
5460
4098
4492
148
8984
6232
6762
7158
6430
2724
3822
7530
1086
7348
8352
9594
4668
6270
7604
4772
4610
2438
6086
8034
3938
2658
9658
3216
538
1044
4820
5150
8832
7344
7682
1580
7200
482
2918
6970
7020
5774
3916
6410
872
9996
1770
5912
80
8536
988
4318
1234
3796
9230
9112
5356
2230
6880
226
3130
1982
6560
408
9050
3060
6892
8550
4682
6306
8792
5734
8524
1238
3986
7736
6838
7540
1228
3848
6606
9562
204
1876
7568
7110
5434
9500
1638
1646
6074
5386
7952
5570
4984
8436
3526
6836
7330
2830
4284
9768
1824
7716
8050
5032
796
8882
5360
7366
6570
4342
3990
5326
6504
9712
5810
8302
6616
1482
1288
8674
5202
3732
2338
6728
348
9346
4458
4436
2980
2524
9590
7378
3948
4284
9164
8970
1958
4912
8544
5564
4788
2654
6084
6842
7274
6670
2608
1398
6754
4626
3520
6894
9138
1674
1610
7628
2564
1592
4014
2880
1096
8278
3506
9408
6214
1952
322
7830
1482
6182
792
5152
1062
5362
6818
1450
2306
7978
1704
8900
5692
9866
9002
5140
1198
8404
5968
7746
6226
186
7196
8294
8470
8312
6124
7822
34
6194
2242
822
9122
5766
2582
1542
4548
1696
4202
4292
6428
8200
2114
4130
8536
9256
9246
4418
2358
1070
7388
1092
5898
4186
5868
8954
4822
9876
2484
3846
6012
2440
8676
2332
7074
5838
1146
9120
9930
3962
5336
8268
8236
2918
6684
6718
1448
6038
8114
5696
1790
7288
4010
1170
5122
5678
7116
9232
7252
8012
8994
9226
5112
204
6874
1364
5458
1666
5590
594
3890
5644
2426
3178
5524
2072
5814
7440
9812
7892
840
110
6794
974
9490
6378
1904
9812
2720
9604
2162
8958
7462
634
4484
4168
8560
9244
9894
7406
5498
9776
8058
4784
1016
2184
7292
6098
2128
3334
2284
7582
3388
1530
1806
2290
9824
3870
6886
8064
6070
70
8034
8342
550
5900
5550
6570
7456
5052
3292
6566
4780
7464
4466
2992
2358
1570
3246
5816
3138
8918
44
4540
7334
7822
6572
4876
7956
990
6884
546
4764
8008
3510
8022
4186
1936
1148
5114
1454
5428
4314
2408
5172
2966
1918
6928
9628
6188
6860
5622
3924
9902
1048
734
8158
6584
6660
5398
1840
866
6230
8172
3170
6970
4768
6714
7750
7968
7094
1798
7352
3008
9072
4518
6570
7126
5084
1170
6002
5072
4084
9810
1340
2260
4024
4666
3000
6650
6106
3040
4894
6726
4062
364
8632
4386
7884
8794
3990
9386
5398
3176
9130
3088
8228
9430
8832
2922
7840
466
1644
2244
3846
5214
8084
7684
9862
5090
2224
6454
4274
4594
2794
726
6572
6960
792
2522
7754
1934
4312
9234
86
5654
2274
4306
436
4782
3580
8574
314
5120
5500
1546
5978
5930
5502
3712
4548
3992
6438
4250
1066
8726
4014
114
3392
3004
2934
4012
5786
7242
3848
1744
1398
1524
1276
2072
2658
4116
7170
10
6418
7306
8504
5876
6534
2352
9836
2716
1984
386
9940
744
4626
534
6626
364
5214
4028
6904
7992
5326
8080
6246
4608
6782
6
2672
9626
8528
606
3778
5280
4036
1814
6692
3546
3376
7884
7152
4812
4420
2622
4092
6418
2290
8196
1032
828
3784
5994
5676
4736
9484
7776
2132
8566
7288
1210
9762
7796
6188
9524
2076
1458
1112
8338
3716
3634
5516
558
7190
4248
7986
8888
9790
3642
7516
7580
186
7338
9784
8802
446
4506
3178
6852
4482
786
5044
424
9444
3040
798
4694
7668
7754
8916
8660
6866
9960
434
1386
1770
2598
798
94
9422
1578
2462
9294
1018
5582
6250
3172
7238
798
1844
5960
3638
9258
6760
8336
4778
8568
4962
1666
9698
9242
7580
5484
6566
7396
1666
2
9326
4446
6770
9352
5124
9794
5348
5882
1254
8996
2868
654
3888
846
4036
7074
8580
7534
6664
5244
5032
8298
8528
2160
5612
2930
8768
8794
1716
4880
6174
7098
4362
7496
5928
9362
2144
6830
7458
8726
366
9920
5758
4666
4854
2280
8146
1718
7742
3608
7018
1034
5596
9148
9862
5642
9890
5852
7344
9784
4022
630
704
7862
9208
1664
7408
2604
8862
5954
3390
3940
8554
468
24
8224
846
5298
2876
3410
2134
3516
734
3576
590
8880
7056
450
3518
5166
910
3284
7302
9244
4424
8944
2902
3624
8774
3492
8508
3338
2626
1882
9638
8318
1320
918
5160
9134
4830
2908
8878
5488
2436
3118
6026
2128
6928
4968
2732
7692
4808
6306
6118
4220
2798
3630
8042
7320
4942
3116
7626
7622
7134
3642
6208
3854
380
860
6054
9624
4336
1220
1972
7152
6582
1520
538
8948
5210
6132
9942
4348
1168
4002
6316
7868
134
5192
7658
7850
1396
5592
6090
2320
1276
2462
510
4914
2010
4478
5522
3430
4960
9384
8824
2308
7722
912
5862
5966
3396
6340
8508
6716
6170
5800
3526
5012
5846
6896
4134
7574
2460
8548
3180
2618
2316
3178
5676
6796
1570
9786
8422
7986
8804
7320
444
2262
5424
8544
2154
8752
6156
2086
1974
1052
716
5104
3974
1284
8848
7000
4106
7258
8400
7524
1854
8430
516
9758
7448
1642
6822
972
5278
9386
2968
1824
136
5480
8218
550
4244
1108
442
4388
112
9382
4926
7662
2402
2012
1872
4672
5096
7876
3030
7354
1730
7558
5284
2056
4592
5574
6316
5270
5770
8372
8418
4788
4236
4044
4246
9114
3914
9952
3570
2178
964
8256
7914
6756
6154
4458
9496
6566
1142
782
8286
7842
3132
9678
8512
6942
594
3818
4968
3122
4940
9370
9232
2070
4760
2034
842
3302
6150
1634
8834
7278
5420
6858
5268
5006
2
286
1110
5598
9902
9262
6548
1700
244
7650
2458
7304
9570
6092
494
142
6890
3582
3738
3120
6804
1504
3244
7232
9874
6248
8920
9736
5764
2674
3068
9634
9516
1908
7654
4228
4334
8432
7438
1466
2386
3794
3982
4450
1962
8706
1164
1036
3080
6582
4986
2992
778
8066
7074
7918
326
6162
8404
7016
7110
6204
7446
4698
5726
3438
6810
728
9692
5818
564
8562
3054
9794
8414
7944
354
8158
9168
70
7990
2456
8512
6672
3928
6304
9708
4278
4818
248
162
8792
6582
5692
8
936
4780
2270
6862
8410
4274
7206
3242
5812
2010
4350
5708
9034
4930
8548
4856
7440
4416
1328
3550
8904
6916
5386
6878
8604
216
2792
1218
7482
7644
7366
4424
64
7200
8912
3002
5596
6584
4034
1432
9862
1718
7876
3054
1818
2246
4826
3980
668
6376
5586
7322
3346
6184
4192
6686
2410
3570
1420
284
3968
3274
7880
7098
9596
756
7692
3212
7566
1048
4530
9180
4156
6018
5602
2960
1192
9510
5204
5004
1872
7480
9956
1908
9144
5066
1796
8808
9208
7776
1998
4188
2616
3914
6234
2956
442
3164
4966
4742
9218
5908
6796
2046
2302
4038
1970
2580
8682
1988
452
6054
5044
1898
4744
4066
5756
9230
8430
5200
494
3824
1012
4034
7058
3414
7208
7370
8026
2142
8316
8428
1864
7832
1160
4176
8282
4340
3978
3182
1398
5800
6366
164
6324
3924
1268
4088
5954
8480
9658
4672
598
1794
2204
5696
3546
6176
1776
3080
7744
326
6594
3816
8622
520
3972
2404
6832
884
6884
290
2300
8674
162
2036
2942
7736
9124
4104
4870
4812
3446
9458
9748
6470
2258
1716
2004
7580
8540
3000
5250
5242
7498
106
7642
1012
9898
7988
7556
8572
7412
3026
1606
8458
4348
9392
2490
9334
4798
1952
3188
2752
1512
1152
2602
3484
5058
7262
2050
6006
868
1644
2746
6140
352
7194
6780
6564
2788
5198
5172
1370
5398
996
5374
5826
1428
3010
5678
9194
228
7252
6004
8344
5150
2044
6700
3292
7658
4118
7400
3220
5504
3596
9526
4108
2044
5062
6480
9240
2544
3858
2180
6288
6362
5520
2576
9864
4432
1760
1770
3930
1670
9784
8524
9544
266
8256
608
2334
1944
3468
938
5524
2876
2458
2372
400
3764
7924
6222
4888
7984
4996
6194
4196
3250
660
412
8372
5248
7784
1884
9808
8996
460
7996
5858
7928
4516
3494
7344
9912
7108
1850
5688
4608
7376
2420
2152
9394
7924
9710
9352
6962
8060
3824
6856
5158
4760
7382
6900
6752
4988
3436
9068
844
5774
5924
8894
9196
196
4286
5240
490
5056
9138
6692
764
3662
5174
6806
4308
4128
4380
4072
2346
2138
1276
170
1420
9974
7566
5044
2492
9240
3854
7568
1570
5826
1910
5608
3512
9524
9514
248
4500
9572
6174
5938
7744
7392
6610
8500
2952
414
7048
9510
9626
7956
6012
4590
8032
5882
2486
5530
6796
8826
1692
5048
3842
3856
88
9608
1880
9076
5500
5838
8058
1034
4392
8494
1254
9910
4296
9566
3254
4208
9942
9400
3390
5840
2904
2324
1130
2532
28
7760
6824
5852
6610
4498
6104
5994
1470
2704
7136
2772
7254
2384
9340
1008
4930
8426
326
3528
6874
828
5984
9932
4156
4980
7760
6502
1598
2944
4362
1488
5904
5494
9316
1158
7014
8298
4570
3280
4526
5316
3454
5398
2528
2372
3932
342
8336
6234
4856
7420
1180
9922
2020
7010
3284
1580
1142
5470
9628
5580
42
4426
7074
954
1802
9556
4698
3814
9724
5774
9124
9340
894
5684
9220
9618
144
3614
8692
7294
3304
5290
8916
6278
3472
4642
7622
7516
9530
546
1756
1484
606
8452
776
5850
6350
8888
5178
9470
1238
5286
7234
2908
8722
4026
4096
6056
9456
8468
7802
8874
9466
8512
9446
7854
5542
1338
9582
2644
7236
4426
6182
5706
594
1202
744
2272
1800
6634
7212
9154
5206
3736
6040
1342
2100
7066
4054
3670
1948
308
5544
4536
6010
8566
1670
9872
9368
9326
8382
106
2126
5152
7032
1968
440
1526
5146
8812
3414
5624
4178
3330
7922
4548
9548
2232
6506
5018
740
4310
948
5230
3372
8566
9164
8792
9556
8422
9008
7956
3392
8480
9560
4218
494
5036
8980
1904
7556
7214
8234
1016
3716
6784
9576
2870
8808
7322
4536
4260
2378
3472
2178
5918
4958
2144
3310
7458
1850
9108
7414
1944
4276
2210
5888
3072
1166
908
4840
5246
3930
3812
8658
7342
4004
1284
8748
5506
768
2374
16
1610
8404
1366
7690
8996
8802
7906
2158
5676
6828
798
9394
3748
8380
9832
6188
8286
8834
9358
502
8540
7132
536
8872
2226
1136
304
1846
5112
9098
6258
1380
9844
9582
4538
6760
5044
2410
2768
890
8924
1104
774
1846
3432
9216
1258
3682
628
4934
6240
7196
326
8670
4720
4980
4118
7840
3668
6944
5036
3436
418
796
9458
8102
3874
9916
5480
5044
7988
7806
9910
8638
2114
9212
6940
1434
2008
1138
9634
9658
1344
3178
9976
2932
290
4870
306
2290
8898
1494
5032
5520
684
6380
6704
4182
3422
2620
7256
9496
9910
5880
9176
1282
72
7414
6070
860
8890
1734
8638
2302
9882
7812
3760
7174
8532
7084
8372
248
4366
9392
1614
6668
7236
1846
9148
4186
2768
1144
3764
1904
7230
5480
1278
8972
6850
256
3568
3222
2742
3246
5018
7284
7622
942
1018
716
4368
4840
8160
7928
3988
136
8348
3156
8120
1712
2906
3038
5534
670
2106
6230
5086
1918
1712
7666
2346
8048
3458
8500
2090
1124
8646
2652
9534
7756
9716
6084
8832
150
4514
9386
6214
6066
3830
7872
2008
8854
3582
7964
3226
8530
3232
2950
152
8942
9086
9616
6926
8282
10
3526
6536
7084
8862
8826
8700
68
3136
4340
3998
2292
1734
8262
5338
9860
4418
4120
4852
316
6114
4132
3468
3138
1326
2606
6648
7990
528
732
3192
8566
1408
4320
7204
442
7062
4164
5068
4042
5740
2816
8436
9914
9546
3122
74
7064
7990
2188
7900
7864
9570
8012
7988
1194
3444
5218
5178
6576
5286
9020
1450
8656
8012
8768
8100
828
134
3766
4690
5220
5242
3572
266
3930
5720
1110
3076
3314
2566
9284
9572
3872
8750
4142
570
2244
8336
7484
7520
7566
1194
1406
9564
4822
8982
8748
9392
8998
1022
2058
5146
1414
5788
5076
8404
6480
8078
8278
746
4518
7490
5316
9198
8186
2076
6528
8558
2138
1872
1852
7810
2100
3384
8120
1716
5984
90
566
9686
7276
78
4044
4694
8440
1820
8654
724
658
3366
2528
2662
7348
9988
2816
7968
9328
9350
2112
1132
9948
3304
5386
3834
8102
5020
6860
8270
6596
7442
9162
4202
9492
140
7066
8876
8132
7174
4326
7982
4238
3308
9124
6614
4136
6798
9920
9674
8
4440
458
6924
6280
7996
9650
1410
9498
346
1050
5966
6622
2214
4804
8474
8180
5996
3880
5090
3732
3470
838
5276
7764
9028
2244
3254
2214
7526
4480
6214
998
9786
6746
2048
5334
5368
6050
3656
1780
6018
6384
4874
3082
5666
3210
24
7924
4748
7260
4786
2416
2182
1356
7728
6808
5132
8980
1838
5300
4226
6326
440
3138
6918
7256
2690
7174
8248
5900
3334
6682
9158
4498
8906
1228
4896
9858
1598
6692
9108
7738
4566
1562
7788
5426
624
6200
9240
1176
8846
5586
9762
8052
3970
1830
6564
4338
7748
9086
112
1904
9900
4936
9020
7212
2570
7090
1740
6510
1642
3228
1230
952
5368
972
9478
5806
1304
824
8524
7496
2308
3036
9160
1256
4028
9634
4968
3726
7612
5822
3060
3786
9770
906
7496
5790
5322
9406
8608
5168
5060
3932
3848
9928
2396
3954
3430
7838
3096
2540
6120
9774
1038
8798
9666
7980
4110
8386
9276
268
1164
8264
3190
2900
7888
830
7974
3420
4244
3530
450
2472
8484
4418
2258
7574
4524
704
2096
2868
4546
6542
1950
3552
7508
9934
2134
6796
5458
3896
544
1850
2590
9188
9400
4448
8442
7636
164
8214
9922
94
9724
3014
7448
5414
3296
4524
7616
5066
7466
7928
970
6048
8198
1290
5184
242
1598
1172
2004
8864
5874
7496
4926
1328
2592
1648
1842
4786
1966
1962
3592
1040
2302
1890
3614
486
4756
1146
372
8336
2290
12
1090
4174
5080
8684
4070
2738
8124
8788
9068
9204
196
2072
2666
7950
4930
5524
7018
304
9404
5756
228
5328
5040
3006
3118
8260
706
96
8184
6276
6974
4676
9260
3668
2720
7866
2020
9176
8708
682
4292
2548
5776
8730
5156
2664
8840
2716
2402
7972
5070
5390
3706
5456
7994
8512
4754
6006
5386
5212
9106
7538
3714
2794
2300
2678
2950
1846
7878
2994
6410
3824
6560
3786
4240
8366
5386
7776
268
3716
2196
1412
6332
6040
9440
7038
8272
658
6520
400
4608
5576
1528
4626
9692
3896
5396
2862
8466
5880
3564
8338
3372
972
9592
3348
7322
3074
7890
4088
7682
6260
6464
9804
4628
3708
2014
294
5318
7540
320
7864
5992
8900
1478
4858
3916
5368
1272
7854
96
3502
2448
2554
7494
1860
5420
322
1534
4654
4248
582
2844
780
8460
2416
1642
5184
4200
488
8954
9688
2618
6480
3660
3058
6330
4658
8010
9310
9710
3350
2442
1212
2058
1100
6136
9720
5338
9684
484
9656
3594
2692
3864
3046
9918
2048
7822
6894
4708
2736
7174
5690
7878
4864
3540
5156
2616
5224
9070
2206
4858
422
5208
6024
3224
4098
7404
154
160
5446
640
260
582
2598
9002
7364
7298
2312
2690
2964
7318
5580
7614
7230
9696
3170
8204
8734
8650
6172
7402
6538
8202
7146
162
5578
5788
4642
1266
7486
7878
9370
7570
1336
6714
7652
8646
5066
2314
722
1990
9170
1094
7568
1660
7834
8546
9942
552
3100
3096
1296
6480
1856
9662
4230
4360
9320
8750
5312
8562
5828
5346
1490
394
1268
2584
2880
100
9566
7150
4086
10
2506
4724
2650
3056
7082
2048
1228
326
9258
1920
876
7548
4092
3144
8442
8950
274
2690
6450
7934
7154
7806
5630
5866
9342
6652
1514
7438
1138
3724
4732
7712
6834
6398
1144
9200
2286
3786
4622
9776
2774
7414
4836
3806
7210
2662
1036
8832
3150
9476
1914
4884
9126
3984
1302
4752
8196
9246
9736
5786
580
9764
2046
3974
3512
1690
1646
536
5274
3554
7046
6478
8520
1200
7692
1182
1222
4282
282
5422
1452
1202
6778
9146
4604
3472
9902
5084
2948
8008
5030
3422
4080
4072
6970
6402
8436
2302
442
1396
1716
988
3546
4332
2100
6502
5808
668
6980
8214
5510
82
3414
226
3476
9058
6436
6114
1290
8336
3014
4524
3008
732
9194
5104
4580
2338
7368
4484
1246
2236
7224
8924
8466
3520
3960
6528
6282
6156
4132
4138
7760
1576
7198
3872
3420
8178
7282
5448
3264
616
7764
1566
8262
3504
342
3992
6696
698
1520
8810
6338
7618
3164
5794
5592
3408
6568
5576
2134
5624
3624
4024
1426
9676
102
1612
7960
938
9524
5998
2402
2868
100
888
2342
2792
8290
5444
6658
6128
3520
3254
1518
7566
8530
3860
8778
1640
3572
5666
8540
5048
5342
1130
12
5310
3878
6934
1246
2096
734
7266
5146
6144
792
6616
3152
5442
4078
3580
4996
2528
8870
1656
9852
9250
4582
660
1272
5082
9640
9116
5964
5988
8740
230
524
1684
1720
5950
4724
2226
1622
3026
3294
8422
3314
624
6986
2388
2296
3502
8288
7918
8090
9350
1308
7554
2076
7754
5774
3960
5438
4144
3478
1840
7386
9808
7174
5912
7198
518
4248
2492
3864
3542
4416
5910
3120
2770
1498
6480
6088
1854
7280
3772
4544
7270
1804
5804
6266
5398
2188
7264
3854
5684
2460
7246
7054
3814
5852
512
9206
9622
3736
8558
2432
9804
8378
6488
5976
7606
7220
1820
5620
392
3332
3480
1338
6422
9828
6992
7198
1148
6506
8362
4834
1576
6564
7310
1392
2664
1504
7754
1604
1078
2628
7332
3222
4356
3054
4770
5716
2544
7200
2702
506
2796
3048
8694
3378
7242
5376
1898
5632
4250
3698
3614
6500
6606
4204
5960
6158
3970
4346
6398
1194
6948
212
1370
3948
8554
6356
4766
6530
6258
9564
1568
7782
9364
8790
566
5222
4010
3264
1332
1168
4342
5470
8366
1788
602
5956
1614
7402
58
1006
8958
5322
3752
3440
8450
2160
6712
6340
6408
7900
3086
5448
3290
9804
326
5088
5478
1094
2170
1784
6016
4270
7820
9608
4674
4230
2986
4588
4308
4602
7458
7350
4556
474
3408
7222
2468
8868
3802
7576
6998
7904
764
5526
144
6326
4330
6118
3372
1130
3548
8082
5290
1254
6862
8832
9394
5868
5956
5082
6682
136
1054
2588
7812
8008
7858
4604
5952
284
298
7024
7044
7348
120
2422
6746
7408
4470
3832
3326
9200
8090
6422
7582
7826
1810
1948
1744
8880
7980
2484
6956
6776
1208
5418
9452
3746
1286
6202
6120
5970
5164
2204
4724
5630
148
46
6854
9708
8458
7086
9568
2876
8284
5808
2082
7234
5678
2240
8660
5182
6202
1992
8358
5798
3900
4550
2386
492
9898
8116
2028
8050
1396
6630
8038
2496
1738
2602
6218
4720
9120
8700
8660
2320
2204
8566
3140
2750
5030
3874
1880
702
6920
7830
1636
5330
8734
5966
7904
1302
6476
1672
2670
9080
8022
8724
8536
5642
8634
4778
6596
5476
84
2028
4226
2676
1720
3866
8840
6012
6222
578
9100
7458
7768
6754
2748
4436
3940
88
7380
6622
9492
2748
8882
4550
3688
670
2290
1754
7244
6462
606
2490
2816
2732
9894
4180
8842
5140
6512
1246
4634
3882
6538
4008
1080
5736
5092
4870
5686
9658
3998
7036
7448
7668
3186
154
4632
6056
306
3134
1754
240
3772
7938
6672
2220
166
7378
9506
8690
3516
7714
9154
6760
8918
7136
8280
7806
8670
3676
6728
3638
9600
9532
4378
7104
998
7602
3790
1004
884
4704
7192
278
5086
9914
2650
3870
1760
8268
2642
8046
6780
3792
148
792
5428
2944
9834
2244
5604
6724
5272
7818
3124
1060
9860
8734
6638
504
3040
5170
7464
5036
5194
5064
5804
5198
5628
9544
3326
1706
7522
5838
168
4858
3588
8462
4842
4144
3754
3496
7760
4084
2024
258
980
3730
1014
1260
2558
8086
700
6066
3592
7216
3848
2694
1586
6134
3588
2168
8486
8482
8796
7344
1740
5972
1314
48
9158
2908
5558
4500
3048
172
5402
982
6070
9126
2652
8644
474
170
9118
4284
9526
7376
376
5400
5808
6310
2606
9010
2556
1078
2248
4804
5938
1578
8096
1762
6430
6206
9518
2086
4506
8588
3460
1176
2152
4666
9736
8490
8446
674
4346
3350
1938
7378
5412
5694
6418
3476
5594
1448
140
6096
3972
6292
62
4726
9382
3288
3616
1352
1924
508
1612
5302
2768
9020
8572
2118
8838
8648
4308
142
3574
936
7366
1104
1870
4772
82
5964
5304
8642
7766
9246
6484
1510
5320
2394
2356
2002
5272
4470
5830
4850
5406
6210
8658
7874
4860
1786
430
1542
6864
2488
9108
598
8312
3194
1884
4558
620
6840
444
8892
2316
7780
5528
8808
7968
5382
234
1002
4628
8400
2592
6206
6402
4368
8278
3806
920
5074
7214
8122
2056
1874
8672
8130
4854
2534
8400
3332
5212
6044
7936
3730
4542
5980
2050
2848
8482
9978
7472
4386
5052
6434
6714
50
6442
9150
1844
6018
1174
2322
7764
9602
5642
7848
3714
5596
3706
7360
7830
5164
4290
450
3970
2574
9056
3766
1928
6712
7160
8270
3620
132
3642
8030
9942
8346
7626
3472
372
7626
244
9536
6844
5724
1790
7648
4872
1570
4550
5340
6298
6058
5962
5290
8336
24
4708
9692
3588
7044
7882
7806
7172
7098
3594
4774
6572
3586
8814
4222
4340
3318
6584
926
3050
8152
9838
2094
4130
7120
4322
2572
4860
6454
8858
9412
1134
3914
9774
7286
7702
8624
2538
5830
7170
4030
6864
6068
5048
700
6518
5410
2864
8730
724
7546
4680
8452
2614
5886
20
498
2974
876
4810
2922
9664
842
7050
108
854
9260
9504
8098
3618
5870
5488
6954
7946
34
1952
6250
7836
9910
1654
3574
9496
8162
9198
8870
4526
8404
8072
4062
4370
5988
1420
9344
4424
4306
934
9158
1762
4496
2256
6582
3832
4040
680
4136
6010
2812
1872
1536
1792
2692
6114
8536
1634
5778
8608
1380
6644
804
26
3280
3098
6204
5250
1566
4918
5966
7834
1484
4626
3572
5566
178
4662
5760
66
8356
4038
266
3372
562
6938
4040
8276
1300
6758
1188
7588
7276
4194
9056
3978
6446
3908
6554
4718
7746
6568
6342
6122
9724
1288
7328
3422
4868
6144
6012
418
1736
4600
6896
9084
9066
3132
1650
5834
7578
9856
5720
448
8336
1420
3110
116
1306
4280
5346
6878
5882
9132
4378
6234
8266
5964
6016
2100
5602
4890
7738
830
3814
9784
2410
3672
6994
2706
1318
9840
8152
9508
4460
9156
1874
6544
876
2856
8104
5618
988
7028
4428
9422
3364
114
6690
558
692
942
1990
8108
8284
6964
2572
7840
5318
7150
994
7118
3098
8052
6602
8470
4284
5820
3690
1440
4690
1924
7670
3996
3234
6600
3732
7862
4770
4078
268
1670
7630
8076
7562
9034
8802
4350
1882
2482
8492
3414
1140
1594
594
8142
7546
3120
6844
3218
5600
5502
5068
1914
4178
4668
1948
7476
2676
6434
8166
5874
610
2452
4254
1128
7968
9816
4932
2406
8256
3530
5590
2658
9660
7818
7578
7134
2774
4598
1498
8198
8132
9362
5500
8958
2640
9832
6106
3122
7254
9770
1032
9714
3766
7688
4286
1458
9256
9662
3596
554
9742
8006
1034
8080
8630
7716
7358
4240
6306
4956
7908
3890
6054
4666
2962
562
3958
3850
9342
5522
6836
3770
8752
6808
6064
7052
9492
5800
378
5602
4054
6646
4460
8116
8628
5396
7224
7970
7456
8472
6998
7470
4158
7206
2942
6858
7428
8798
656
6968
1670
1896
6792
1248
3548
4598
8938
6464
4396
5574
9784
2474
9222
9142
2604
6088
2778
356
4900
5962
2864
3686
24
9050
778
1896
6522
6890
5278
3660
3166
1378
628
6658
3272
8490
7904
9718
1756
2606
3626
2246
4244
5670
2834
5160
9178
7198
8500
2824
4180
6036
4150
3650
6766
8318
5912
9130
5916
3534
8494
3770
8928
974
2008
8916
9454
7552
2948
8050
1172
5340
62
2034
1802
2206
5304
7678
5874
4420
8584
6882
9554
7352
5916
6390
8942
6596
7260
3126
4964
3542
6744
6506
1214
6312
6446
4840
3180
9888
7952
9040
9680
9452
6548
860
8648
4524
7644
4240
5046
54
5624
5158
9664
4454
3494
8778
7462
8590
2572
1582
1728
4738
2258
7130
3430
4636
7780
8624
7776
5086
2284
774
10
998
9878
5840
7004
4390
5808
496
8400
1694
52
5554
200
34
6654
2084
3544
2482
4660
6804
8878
1860
4318
1628
1186
7684
6412
3640
4330
6060
3776
5084
3984
4698
4006
7262
5722
7416
4284
9950
5734
2044
7328
3734
4156
4468
9854
7396
6062
7408
6896
6998
4608
7352
3746
8288
4662
160
8648
2968
8184
5292
8504
5220
1572
2644
1476
1060
8530
9254
4846
9360
5612
4714
1346
4452
7442
6650
3126
2288
3782
7616
842
4272
5672
9984
5334
5206
2332
4176
4566
6384
146
3482
3768
3732
8864
6882
5636
1832
3870
4636
7204
90
2490
180
1922
3910
2602
8968
9356
1094
9854
4794
6804
5756
8036
5122
9290
3234
1464
4608
5434
4396
5188
630
7894
7740
5942
7262
8872
4816
5666
5780
3900
696
2368
3652
1046
2974
8542
8080
2026
9242
3234
148
94
3414
9302
6216
6848
5968
6218
7016
1344
6716
1584
8368
