4317
7545
2099
1831
715
3379
8531
5965
1897
8081
777
1651
7063
6607
6933
2695
9027
5599
1487
8967
8933
7221
8499
467
789
435
6783
453
3891
8071
3529
6635
5913
5407
529
9739
6359
9691
1139
191
2771
9045
6781
8051
419
359
6019
5023
2577
2055
1243
9959
8903
6685
173
4697
4373
6539
3999
5145
9797
6459
579
7975
6115
5019
985
6647
1411
8957
405
6799
3723
7369
8213
6273
495
2839
675
3581
5679
7635
909
2263
9735
3185
2467
4667
549
4455
8975
4469
5419
2881
4941
4501
4955
2319
9747
8065
7473
9185
6157
3977
3313
3141
2159
4405
2507
7985
2567
9387
1263
2701
3133
5409
5375
6805
8919
9143
4319
8783
6299
7105
8585
6027
7561
7555
35
1073
9519
7437
6099
5067
9047
7587
955
3917
6899
7701
3319
1497
3329
3993
9471
5601
4685
2751
5967
5183
7279
7603
5263
4607
3781
1365
1477
9751
3341
983
9597
2599
1545
2279
2755
4807
1751
2645
6059
5273
8711
9715
119
2555
8147
2397
2769
69
2761
1775
843
4961
6191
4043
7143
269
8293
7239
2103
3861
8887
413
4443
5209
9629
1483
5009
3925
6051
5899
8157
7071
1931
2419
4843
8297
4011
6593
521
7867
3733
8163
1405
8549
8039
2531
5869
1219
3069
2483
8795
4053
8549
3497
25
6271
8621
61
9005
5953
6923
1799
6565
9921
7613
6503
9025
9637
1649
9077
6569
5379
2179
2427
8523
1067
7407
1153
1193
1539
7053
6847
5645
13
3399
4317
609
8153
9127
4889
6001
9941
5815
1561
9859
7223
7721
7091
5621
2027
9191
3143
2519
4527
8271
1407
2159
687
647
3321
2395
4651
2991
7319
2247
9581
3567
4697
2901
6289
4191
7667
9535
1789
4497
121
6075
7297
4691
2603
5445
8129
5677
9727
499
8099
7063
3351
6465
3815
2091
3199
6789
9215
165
8573
1783
9377
9031
1929
7125
8295
3691
7693
7487
7499
8867
991
9733
5353
511
8763
843
1851
9287
9857
6329
513
9947
1919
6579
6335
5695
8359
6149
955
9973
1575
9445
6487
5299
2943
9977
573
2737
4775
5215
6037
9347
541
1841
6347
1125
7479
3827
9909
1423
6375
353
2127
8927
1921
1431
2415
2479
7367
6493
7415
7949
7723
4595
8953
3233
2331
1839
2181
4371
9821
6485
5001
5541
1417
4703
2653
1065
1899
4073
4693
1659
5011
4593
7001
7753
7087
667
6923
2301
3525
1731
7783
7809
6247
8363
7027
7849
1013
5413
7729
1231
6275
6261
6105
9257
3247
7157
9219
9361
8765
5363
5471
7949
3609
5709
2701
9215
8191
4707
2589
5327
5351
8689
6081
6191
8853
8657
6035
721
8185
6411
2249
831
3817
9597
3063
8675
5987
8737
4643
9185
7135
591
8607
5165
3059
2293
3425
8327
5159
4835
373
139
8625
6853
3793
5043
8391
161
3699
611
5525
5725
331
8119
3943
1255
5469
1677
1543
955
2759
213
8471
8297
563
7525
1517
3227
1287
457
1349
2281
3401
7779
7503
2903
9531
9369
5275
1349
5679
699
3991
167
5089
8309
2091
4181
8887
5821
4717
5809
5845
1283
7541
9261
7527
1171
2247
5311
4741
5957
9301
6335
2071
475
2249
3205
7041
8381
7339
8315
745
7675
8889
9655
4429
9405
8703
5741
1781
7505
6811
5373
6919
5891
3669
5259
6967
155
3825
5355
4043
4165
2879
2151
4517
5673
2149
4699
5983
987
2319
3329
2631
4829
8969
6241
1227
4611
3043
2163
9353
7513
6077
2705
5539
7829
1681
4943
9641
7375
569
4367
197
6887
3513
1917
17
9639
3325
2233
6129
2097
2263
4795
1839
3395
1519
6211
2949
7213
7715
6593
413
2963
2977
6243
797
1235
9351
7213
7613
9175
8945
8347
3391
5173
2865
7383
8177
2159
2287
3989
7451
399
1645
3609
6209
6673
5053
8285
6225
4111
4867
8627
3793
9363
261
1055
3687
8883
8969
5283
9093
8313
637
7833
5465
6499
1583
5891
5733
1369
8155
5437
8931
7551
5449
5713
851
1833
4725
6177
8459
431
1591
7365
1657
3073
8945
4813
189
8895
821
1731
1263
5133
8971
9617
4553
635
3345
9245
8439
4819
2507
4263
6975
5697
2657
4931
21
965
2991
209
6733
3333
5233
3103
2729
199
7247
9621
811
7399
6291
6391
2343
4731
8653
1005
6627
4025
9715
4865
1307
7443
8449
2697
2685
8483
7165
2029
6139
7741
9665
9443
8063
6359
7713
7493
4227
7037
6315
3149
8317
3859
9049
5537
1933
5449
9681
6475
7123
5143
6937
9703
2365
2697
1765
6949
9917
2423
3675
3777
9085
2837
5017
1819
6443
853
8335
547
5531
7065
8489
7671
5355
4747
4839
451
885
5011
3383
7813
869
7925
775
8191
6517
9411
1571
6917
6583
6235
4471
8883
9273
3177
9087
9095
4725
2745
1765
8785
4051
71
1295
943
7807
6933
6703
3431
4547
6451
3101
5549
2673
7907
7379
591
4337
2859
3223
715
6553
3133
5719
2939
7927
5191
7191
1193
7535
3039
8705
3763
101
9441
8051
6455
2693
4739
3173
7525
6061
3139
5357
7147
65
9275
5173
4397
4335
7421
1603
8033
1577
8497
6407
9661
2725
8957
4741
4705
2823
3581
7601
6929
8823
1777
8945
7165
8071
6793
3621
8329
4797
485
5883
5033
4157
1297
2129
607
8263
9019
945
3729
4195
6367
2165
7617
605
8809
6623
7107
4415
8429
5961
4755
509
2691
6173
4793
7279
2265
7553
6471
4683
2151
1941
9243
4169
6657
107
2695
1741
741
8033
9351
4789
7097
8277
8455
4011
8453
8033
7521
1617
6237
4265
8145
4323
3667
5205
1737
8811
7875
927
5491
4387
6961
2945
2671
9271
4175
9347
1367
2565
7381
4063
8171
4575
6137
2537
3511
1957
845
2865
6363
1363
8267
6887
365
2615
6301
5125
5445
7705
193
7949
5717
7347
3085
3465
5145
3879
9643
8047
2131
7913
3661
1603
2251
8413
9847
1603
2693
1139
7489
7171
5811
855
3189
775
9845
3939
9209
1489
5971
1923
2781
101
9305
2217
9637
5247
7023
4535
9157
7141
2791
4261
621
3227
2819
2293
11
9719
6739
8679
8197
5455
4403
8599
4481
3051
3219
7761
6479
1465
7133
7887
2455
2763
997
3195
2859
8553
8541
5319
157
5123
7559
3649
7353
9785
1187
8079
1235
5369
2421
3361
9657
1933
9343
7455
199
3687
4575
301
9877
8617
6767
7439
3385
2827
1263
6101
2145
9585
5857
9103
9751
6061
943
8861
4099
7779
9775
155
1149
3309
7727
6149
4611
3067
153
4865
9139
8251
5755
9207
5097
749
2149
5729
1201
6597
9737
1983
265
779
8363
1975
1507
9523
6513
8021
7173
5307
7647
9023
6357
1791
3049
7357
1749
5965
1747
2915
9203
6671
3353
6597
7627
8727
6187
4025
6865
679
839
4321
7361
2545
5733
7361
2587
7825
7509
8043
4381
2837
3925
9593
7123
1167
5209
2489
6201
2767
2441
5867
5957
9877
223
3083
1179
3241
6597
1159
5359
6823
8925
903
8437
3175
1669
8679
9441
6687
2233
2849
1565
2977
363
5937
783
5325
5739
2391
6661
1409
3561
8581
2435
4939
2857
4167
4799
3781
6783
3829
4825
1545
9687
2821
7693
2217
767
2191
247
8143
3485
2219
7995
8761
2027
3047
5555
2725
1091
9273
2961
2559
4591
8095
1767
6181
2011
4969
1081
4381
5321
7303
8927
9971
2505
5101
7527
8987
1575
2559
3575
3459
3133
319
2837
9315
9145
73
1597
753
8053
8611
3959
8189
4115
2249
5743
4351
2863
6201
1161
1803
1313
1767
7985
4681
7233
4189
7321
6957
5591
585
6147
2377
5847
1971
6069
2711
8981
2365
4443
8357
409
9011
1287
2477
1859
8285
1411
6049
9973
5587
3371
3721
1269
3121
5373
2481
5639
7853
5557
201
2523
6613
4463
5033
8737
2967
9533
7983
1807
8299
1285
7507
8103
2873
8115
4671
8345
3987
4505
3779
5981
4253
1629
8831
3881
8073
677
5159
9827
4329
3081
7233
5883
7205
8735
5563
6661
6473
4849
6173
651
3165
717
9779
7755
3071
6499
5587
7577
6445
8923
5875
197
6317
2569
3581
1073
503
799
8933
2781
1691
729
9901
9613
2651
8321
5741
8641
895
7859
7553
2665
4207
9331
7163
9123
6035
5725
9323
6699
1775
6971
5195
1799
4431
69
9741
4097
793
2951
9013
3467
183
1173
2603
3463
8345
4707
2913
3237
7071
6565
5331
8009
2169
1209
2645
8283
9537
2427
8273
233
1239
6989
943
9637
5769
5695
4245
1181
4325
6297
8405
7059
6783
4421
3799
9477
8925
3955
8693
1175
6783
8477
8347
9997
8715
2269
1609
5237
2577
1261
8427
5075
2059
3945
2977
9527
4341
9871
2847
1357
3187
1011
831
9091
7143
6371
5375
8211
6347
121
887
6649
3365
7791
4917
2145
4881
4277
6905
5289
4609
6567
8331
99
3459
5543
6213
9959
5677
5271
9985
4125
7149
8363
9811
7567
2433
823
4477
1899
6083
4703
4807
9053
9693
5707
1975
5045
751
6465
7149
7653
6237
9599
3227
5249
2967
7751
8673
9077
3017
5631
5971
7451
499
8627
8993
2607
7063
8821
4825
1153
3013
3891
7691
3571
1763
9389
2661
1783
5073
37
559
9757
5533
9873
9971
663
3361
5833
6461
6705
9749
2013
2833
3763
1715
8719
3633
533
7565
3963
6209
9299
1579
4069
547
7587
3543
1799
9863
4685
2645
1235
3205
6629
2309
7841
3283
3337
4553
6747
9341
9017
7601
9147
521
243
3757
4725
9313
6827
8069
6437
6545
7637
2331
9523
1071
8469
1069
8813
701
7657
8637
1797
1113
9325
1935
3091
2491
4495
6399
2815
5803
8045
6131
9783
7283
2839
7659
4271
8329
5127
9067
2685
2189
9489
6449
6965
113
6709
9775
8859
353
1777
2467
4607
9367
707
4775
5859
1255
7335
33
4013
281
5015
3749
4089
4225
1217
1517
8941
8553
2703
831
9193
9237
6531
1375
2091
1375
5201
969
8311
5407
2883
7483
3677
4781
1765
4061
3189
3315
8083
3837
1731
2479
9263
2691
255
6335
8423
743
9085
1603
2821
6131
8765
4591
6195
869
2457
7085
5321
3227
2961
4273
5875
297
6451
7683
4741
3497
4065
9659
7235
2057
1045
2695
1913
9031
8585
2215
5665
1265
7349
3175
8129
7713
5123
8725
4757
2997
6649
2629
1777
4095
1993
9191
2929
6015
9697
5625
8001
7259
867
9809
9557
797
7089
2447
533
3839
8865
9849
839
4439
351
4301
2161
1801
6413
55
4373
6769
2435
8019
2911
1037
7915
3167
6709
2853
6241
9825
5427
7011
3023
8233
807
6567
6009
629
5905
2551
7023
4567
3121
1993
5181
4647
9133
8565
5023
3363
4397
2787
4337
5985
7277
5605
5019
6659
1293
9605
4635
919
7893
1719
5609
9875
1155
4037
2179
1273
3371
503
5437
987
4191
4981
7487
7741
9537
2195
7465
7707
1727
7075
8749
7329
6567
2163
1171
8373
821
6241
9805
8205
1085
1467
8827
9753
5983
5789
6851
5425
4165
4929
4763
6323
2769
5399
5713
9997
8511
5469
991
8233
9377
4741
7153
1005
2373
271
9669
3201
8557
7491
7995
5419
4393
3667
403
4577
7985
9411
4513
2145
7311
8791
2651
5601
6259
3545
5323
6317
853
7771
8961
2831
2747
4739
9765
6001
6169
2815
7679
2887
4349
2463
1983
9395
2051
523
7277
3729
2699
4465
6139
7343
4567
2247
9225
6853
7275
7065
2965
8089
6607
5065
2701
8271
4607
5361
9217
6297
7087
4147
3321
3465
2853
4725
4495
2471
5753
9471
2369
4295
1349
3015
7435
7555
9503
6461
365
5747
2011
9663
4043
3195
9439
2185
7461
2809
8755
3333
5763
5145
2607
3105
3669
929
8903
6793
5955
1219
2047
9281
8123
1025
6791
8843
6005
753
8249
3113
3313
3207
6605
2779
1685
8141
6177
7021
6713
7011
4567
1797
9375
7279
2569
5679
5583
955
7135
3897
1977
7467
3787
9111
7319
7687
4911
1607
8115
9677
7097
1893
2783
4853
403
221
1955
5383
2735
6939
3321
9587
1289
1437
91
5495
1295
4513
4451
3221
4045
4179
9689
3309
7131
8789
8189
8895
6625
6373
8477
8051
8883
6141
2299
1017
8271
6803
1203
1147
1479
7175
4103
1841
4517
6271
6759
5477
6763
261
641
335
9011
5833
2379
1077
6839
1567
2123
4053
1883
6735
9813
7759
7869
6419
1125
2305
875
801
9381
2221
7111
8347
2693
5487
2373
271
1181
9493
4993
2235
4623
8805
3403
8265
2263
1195
6133
9641
299
589
9029
9747
3919
3033
4927
1939
5805
1025
5649
5813
7575
353
4551
421
5351
3169
6553
2027
1091
7339
8389
9033
2725
847
837
3043
1573
7923
4569
6359
1253
2401
3723
2275
7027
4105
6991
6607
3549
8457
2523
8443
6783
7625
1193
9977
2627
9819
981
135
3379
2203
3887
3503
2645
4313
7621
6947
8485
8789
5775
5973
4003
4519
8065
389
9743
6775
8825
7247
95
5547
5919
9307
2311
2161
3577
1109
9135
6665
8229
9669
199
7765
3991
5545
3553
5173
835
1829
1501
8107
1689
2973
957
7547
4069
6243
2179
7209
7719
6799
851
8241
3871
7627
2421
6905
871
2481
5691
9999
2165
1245
1257
3175
6421
2051
6591
1733
6225
2151
1069
4095
9459
4345
1875
7289
2205
6397
4575
6323
3091
551
529
6089
6197
7679
3337
4167
4199
3995
269
2983
5393
1057
2061
5085
5627
1369
9625
459
7315
419
9109
7857
2823
1145
5809
9937
2603
7899
1981
6533
1305
8281
5421
2133
4193
2351
591
2347
2875
8413
4921
7723
8637
3417
3807
2395
7479
6241
8205
981
839
9449
8371
6589
5907
3521
7865
9057
5679
5311
1057
2995
9133
1209
2747
5757
3049
3823
2997
1401
2015
6587
5167
6277
6939
5365
7371
4577
551
1541
3627
5943
3203
9551
9489
6509
1661
8571
947
4073
8389
6245
2477
8061
9971
8859
6357
4145
8905
9285
9727
5265
3049
8813
8387
3325
1075
1631
3651
1347
7809
577
285
2701
9027
187
3355
6685
1011
5135
5325
9785
3991
1657
4247
8567
7389
2099
2307
2575
2241
8677
3405
6597
8143
7641
9727
401
6419
1505
8365
2953
9991
2249
2489
3015
7639
3693
327
2045
1181
6669
5615
1335
3759
997
5839
1931
419
3985
8515
2277
3859
5123
7697
2449
2599
8353
1611
3075
7091
5615
8881
2901
5645
6867
9125
8511
8321
9875
6583
8271
369
8909
8991
1951
9455
4291
4623
3779
2111
9087
435
7367
2127
4879
941
9857
2625
6455
2811
677
901
2413
7035
7321
3187
699
7051
7951
4201
7457
217
6181
1229
6981
1591
1863
7431
629
407
6537
4075
6711
1305
6295
349
7681
5609
2919
2521
8761
8055
5185
4753
4771
5419
3277
2163
1285
5845
7391
4315
7071
1315
45
907
7779
5221
4667
389
3907
287
1647
1751
6151
3103
5321
3523
6319
9903
9993
8047
6329
9983
7887
821
547
2341
3517
2535
1299
3157
2211
6709
6707
5063
1209
755
6643
7737
79
8813
8909
7213
8857
3373
7317
2277
6433
8481
8387
6063
4705
9803
4635
7891
1373
7515
2587
3019
1569
6407
9987
5581
7931
3293
9031
4577
1729
331
195
257
1375
7939
7143
8575
4755
1849
2589
8833
8325
3253
3151
9617
3235
9639
7027
9055
1629
9695
2251
2183
8655
8011
2589
6647
4679
509
4253
7297
1465
9727
6439
7769
6055
8705
7059
5717
6531
5767
3913
5075
6405
5559
3057
1647
7729
2965
8343
7535
5867
5593
4153
6541
3581
8435
7405
1655
1687
8289
1859
4373
277
1091
9177
2725
3757
8941
4295
9007
403
4665
7951
5263
273
5639
6339
2183
8103
8707
3797
8257
5857
5293
2445
4479
6959
1623
707
4163
7481
4157
9073
9605
4185
1567
4149
1327
2679
2825
3983
4493
7287
8953
1697
4583
1049
7191
1317
8677
5939
8607
8615
8559
2959
6309
2973
4941
7195
5993
9715
7477
3825
3711
1399
7391
8815
1467
445
13
7203
6151
7053
1861
1279
1237
1469
8239
8911
1111
3321
2239
1489
1591
6343
4333
493
7357
9269
8101
595
8581
4321
6599
3469
9603
8681
3183
1169
7747
6243
155
9409
603
1227
437
7251
3185
7341
1475
1479
2743
3789
7513
2209
1189
5487
4801
1367
8753
1259
5279
9853
5085
8597
1443
1257
4033
877
6779
1331
5863
4659
3549
9613
6815
5659
3575
7899
7591
8883
6003
4903
7289
1711
1841
1583
6199
3143
5995
7627
3457
9573
6875
1443
6037
8099
8423
4671
3795
4371
2615
5141
3451
3303
763
4379
3145
8627
5381
3677
9909
6387
5957
873
4213
665
4403
3773
7695
1323
2569
1023
719
6331
1161
3131
6417
8201
143
4447
3641
5341
5587
9141
9779
4447
7791
1501
3327
4099
4357
1289
4241
8877
8097
651
5605
2409
3595
3609
381
8405
8541
1115
4541
5867
6715
925
7765
8333
6601
9853
2381
6559
1191
7357
4423
9431
2567
2371
7589
3961
9343
4843
3173
3625
4629
1067
6915
6753
8599
4283
9283
6583
357
7041
4283
133
1321
6311
2891
1031
1123
7551
4763
3359
3141
2961
2473
5689
6115
8099
9513
743
7557
3309
9621
6895
1055
9043
4105
4717
6931
499
6703
8619
9815
9985
3919
6055
6445
7873
9963
6333
783
7471
6377
2415
5263
9019
9253
1283
6247
2179
8147
7183
7927
2605
8255
2089
741
51
9699
3135
7213
4763
1169
3845
1157
5827
5061
7215
9617
2451
8097
1335
3217
8233
4695
3489
307
2125
3165
2235
9297
3457
2715
5767
9741
6937
5433
1859
6355
7913
8743
7893
7861
2247
1431
287
8119
3987
6239
4867
6135
6381
9171
7945
3987
4443
5919
45
9279
7613
8861
4561
6377
6365
7161
5837
1983
5681
7599
1015
7993
1051
1431
803
8747
7447
2885
7913
2505
1309
5023
2137
2667
4915
1217
3339
4123
553
455
8387
2667
9277
2843
4601
7951
163
5597
2011
3517
8901
5019
4983
9781
343
7079
6081
2739
1455
3939
3559
5829
9165
1129
5397
9207
7871
4919
1513
9913
7247
7219
2851
7881
1523
9811
2347
9721
8645
7001
2483
2465
8645
4653
9407
7977
6031
8511
2611
9015
8289
2731
6003
5217
723
4725
5337
1499
4187
8675
4321
3423
7779
4933
7279
4695
8011
4707
6553
6527
9627
2889
3385
593
9677
6963
3223
3739
2321
2667
3691
7101
3381
7899
4911
347
5975
5399
739
5511
5199
563
2135
5431
4867
2229
1967
3875
9523
781
337
8121
499
6573
1873
4365
5047
5715
3443
4251
2439
6597
8385
7555
7393
6899
423
151
9161
3451
6783
3011
1595
2415
2123
5601
9039
6421
5999
7651
8767
6351
8601
1363
5163
1519
3199
1293
691
7017
3807
5075
5731
6497
4571
2681
8505
625
2721
5283
331
2359
1059
7775
5561
2747
1983
3519
8073
7035
5021
8953
6783
7393
8041
3939
3453
7237
251
8607
5141
409
4869
1495
8043
4275
6767
1969
1105
3283
3549
5469
1811
3655
8007
8029
1003
375
1401
5117
2337
2773
5547
7087
6803
6193
2541
2015
3121
4019
8255
5135
7731
4215
4733
7027
5019
6575
7077
5295
3493
6283
3053
159
237
3269
1835
7359
1231
1687
5587
6891
5859
7721
3339
9453
503
8945
5711
2229
2921
769
8759
2795
3397
4551
133
3551
2473
9645
227
5511
365
6803
6623
6453
8143
6119
9499
6547
445
117
6665
2203
3907
867
725
4977
2747
2449
5803
8737
3435
5691
4273
1073
6835
3347
1891
55
711
7113
7081
8235
9375
6505
5309
5273
937
5305
6875
655
169
6647
1779
5109
9339
1761
8503
3985
2089
4995
1883
6815
5121
4409
4641
3037
557
9491
1269
8145
4311
2323
7535
1333
5171
2155
5493
7787
4773
1759
2979
897
8013
8921
4065
313
1207
7219
8419
5607
4537
1341
6857
9525
3099
4813
7219
3349
3703
2593
5291
9945
2635
2439
5865
5719
3691
4785
1623
7635
527
6631
4305
1193
1079
6153
5491
1337
2165
1407
4239
485
6679
5563
9955
2085
189
5215
8111
3235
8155
9407
5417
1447
387
99
6475
1771
9169
2875
8061
6647
4789
2951
623
8309
7749
6589
7883
2853
5021
5291
1249
7775
9663
7479
6559
9813
6449
5213
4973
4861
9339
6329
6313
5563
5945
2631
629
4775
5699
9619
6649
2287
261
607
3669
6375
8493
985
6597
8391
4631
7955
6411
8415
7685
4585
5763
31
7175
3765
671
3687
431
8485
8241
7947
523
1525
3921
3549
7915
7775
2033
6995
2913
9683
2103
973
8237
5215
1575
4375
8981
1049
6643
3583
8767
9731
5137
303
3679
7421
7009
5749
6893
4195
2305
6479
1703
1017
8715
751
3695
1095
6913
7479
4415
5191
8771
2521
493
7531
7985
1947
191
6309
7527
7165
5487
6539
3101
8773
1413
9055
8227
7535
8455
3337
2479
7621
5475
9601
8035
8919
9295
1887
7817
6127
9375
1961
6121
4849
3901
8575
7231
5905
8499
5747
2329
481
8821
9549
1555
5833
4625
2859
935
349
8369
7633
5069
4871
9509
1711
4941
3047
3539
5397
991
9921
4113
1381
1273
1919
5817
3903
7399
6743
2217
6807
4049
9373
3015
9347
4703
9889
1555
1527
8365
9089
9403
591
2295
2051
5505
5017
2205
481
7017
2563
7529
8067
2599
3385
5927
3963
3129
4983
2039
7701
8401
1893
8265
9269
6073
8471
1187
7879
9447
457
6319
5273
9279
8945
4775
1653
7925
1411
4515
7865
9725
8005
1175
6017
6103
7263
4881
4289
803
2251
1827
119
9815
7673
2145
5247
7713
3113
5641
2581
3401
539
6025
4705
125
3911
6327
6537
3053
8495
1469
1253
787
2805
7083
9919
5945
8819
5003
4011
6823
827
9817
2979
1539
4133
5241
9863
461
1697
3603
855
9835
6525
9127
8387
6425
277
6649
501
8631
3547
7527
1801
6143
1065
2325
9377
4557
8057
2279
6559
4445
9303
1121
4881
7315
2373
7867
2239
4113
6449
8733
2749
3767
9551
5383
2895
9441
3991
2241
8303
9083
1785
1819
1591
3713
7041
1913
6203
6289
2033
6341
2231
9487
9357
8861
2679
8835
3633
3217
6201
7813
5533
7301
8437
6129
8731
5397
1987
1845
6969
4853
8169
8245
2311
5619
901
2449
6163
1595
8283
9487
7163
2711
6249
6493
9627
7701
6801
333
5201
3929
4759
2565
8845
9573
117
2107
2677
6709
7055
3967
9837
5001
8401
4187
7789
2061
4743
5761
4839
9249
1431
3699
1467
4021
4377
7619
6009
2109
853
1873
7361
6739
7845
4747
65
8775
3029
4283
2405
6167
6659
1113
6711
3079
7929
2739
4887
3339
5827
5087
1867
2537
5725
5423
2761
8895
8847
5069
5773
2385
6023
4369
7009
3689
5435
8063
6477
1419
5559
4447
1769
7455
3793
4213
4579
5743
1793
5731
3273
2885
129
3123
1507
4261
3715
7097
7099
85
1063
7431
7455
7173
2623
7997
6237
6819
3559
7659
6769
4833
6693
5749
427
1189
7969
5261
7991
3621
8261
4705
9927
2257
7355
2343
6225
747
7751
6915
7603
3231
3369
4681
2423
7483
7967
4695
2341
9093
3335
9597
7257
2401
8497
1605
2399
3739
2551
7355
6011
2313
1667
1787
839
2297
5545
7009
6189
6195
1563
8185
6569
6511
63
9465
8479
8349
5065
8423
677
515
7889
1437
6483
3971
7695
2637
9885
1621
2195
1743
8155
1995
3613
3969
7801
2053
9307
309
6785
225
387
7165
3341
3015
9021
7851
941
2097
5449
4537
5519
3667
2641
4265
9659
5907
531
6249
9367
4897
4639
7677
8687
8889
1179
4473
3071
6099
5355
8971
7605
7725
6625
7229
7887
7597
5651
6365
9465
2745
8337
233
9703
1609
3979
2423
3129
727
2641
2117
9149
9563
6957
7799
8209
3761
7575
3323
5033
1139
5537
7407
8411
4223
2545
5349
6837
3129
413
2025
4131
6853
8697
8793
4237
8237
7387
9865
4217
8315
3757
539
325
1493
7979
421
5871
1601
433
3505
1233
189
5441
7461
6139
6051
5487
6161
8819
5469
7147
5563
9511
583
2737
6955
2151
3499
4695
999
9867
3939
487
6955
2575
245
2147
1599
5693
1973
5331
3771
3631
1621
6179
5671
3353
9329
2513
7305
4527
5085
7007
903
181
1653
4713
9023
2011
7257
1297
7929
1993
9527
1735
1037
8231
1403
7427
909
1345
1881
2111
7869
4879
6783
2551
3217
6895
4669
4143
447
8909
5873
8301
7127
9171
8273
9559
8493
5681
569
3213
6537
651
3987
1077
4321
6215
3963
5517
2153
1493
9873
4517
3359
2533
3299
2151
679
7067
329
3425
8343
6685
3293
5837
7695
829
6645
8503
5517
173
7093
3627
6785
1971
1807
1843
3151
5271
9383
9759
1761
6551
9723
7595
6199
2451
4133
7917
299
6875
7341
1013
8939
4673
2263
9915
9147
8205
6611
9191
807
5269
373
8473
3997
2349
87
7599
9427
3963
8449
6667
1107
3967
3105
6069
1913
6105
3985
4223
9509
5453
1561
4051
6233
4215
8119
4039
3935
339
397
669
635
8297
1739
9253
3235
3303
5645
219
8035
3925
1473
4881
731
1247
1691
2805
2727
8865
7643
2947
6759
6537
4847
6631
9965
5955
8941
8815
4135
385
299
4545
587
7231
6983
3363
2673
5507
6119
4257
2227
509
7425
1273
255
6759
5507
8491
1453
7137
3747
8401
2373
2091
433
3275
709
783
6571
8239
9087
6939
5873
3917
4721
7087
6207
6703
8687
1775
2693
3773
1577
6771
8435
6523
1079
9653
6427
5193
4125
5685
2621
2715
2453
7815
8153
5287
3425
7977
7053
1505
5199
4785
4465
7943
7263
7455
4905
1299
2463
5443
4477
581
6861
8189
2089
8239
9269
7653
2913
4101
1959
7309
4099
6833
6109
6189
6489
563
8601
459
3547
5309
95
2271
7935
2505
8701
6721
8411
9373
311
5105
8037
2859
3155
1633
8719
9179
7225
8231
2759
2433
2033
3915
1553
5923
1229
4011
3977
4683
7989
7063
621
8757
4863
8207
6231
7393
3959
3469
9173
4693
325
7193
741
2829
9859
1285
4781
3913
7233
7443
585
8055
4923
6353
1231
3423
3749
3181
5745
2057
9227
8853
8373
9519
1221
6827
9539
6423
1341
7115
6949
5281
5087
9131
1153
7303
7059
7445
3423
2569
7315
1157
3509
3005
3263
9915
7363
8965
6807
449
817
8479
637
7211
1039
7991
6901
5177
5623
4905
7941
1347
1021
4779
4795
4239
2167
4989
5771
53
2973
4111
2049
4433
2493
5099
8457
3841
3889
1869
6115
765
4429
2005
3237
265
1003
6687
7239
1781
3145
383
6701
2587
709
923
8629
2677
5369
5215
9671
2093
8135
39
2355
1473
7649
5431
363
1183
7013
6587
8291
6113
5455
4859
8691
5969
3759
3731
7163
8955
8121
1947
623
8603
8583
1357
1113
7107
7523
8401
5677
739
8329
4493
1261
5703
9419
69
7163
9579
5999
1147
4285
5187
7493
6577
8521
3685
467
7449
8229
1487
6427
6475
6039
7361
763
9789
5697
1451
7647
9887
5853
9053
6275
6861
9999
607
2985
6183
9231
7077
1343
4091
6467
3125
7137
5017
539
3181
1609
403
4451
1083
2987
6813
5917
7275
2977
825
8327
1791
8793
8019
667
5893
9527
3581
8085
9011
8891
5339
1423
8973
6537
7147
5583
4249
757
9127
4293
6517
6133
3045
3277
2745
6241
9005
8147
4075
6987
4783
9095
7371
987
7507
2307
8961
6065
3825
7549
6993
7841
4591
8323
5879
1773
4979
8103
5643
9831
3813
81
2703
555
7417
9289
2933
6161
1105
9531
2951
453
7717
6385
779
7985
6429
7277
9997
8061
2863
4559
2331
5237
2789
7121
173
2543
6211
7949
3435
5189
5081
8293
2809
7941
2977
2595
2761
7039
1885
3831
2103
9075
6265
8189
1259
6195
6395
4565
5351
3643
2437
3507
1023
4277
6423
4637
6663
4481
6125
7407
5817
6467
2845
9767
807
617
7715
307
9157
6491
4745
4121
5129
9603
4633
6149
8855
8115
5315
245
6101
6253
3213
8921
8121
7937
7079
7461
9547
7101
9403
4409
9759
6915
3637
1369
7437
661
601
3409
2593
579
1555
8895
3253
8297
71
8719
5797
5657
7265
7867
1573
5233
2637
8973
7561
5465
411
2781
8527
7123
6619
3451
2537
1671
3221
7015
6711
3457
187
9801
4087
2947
7865
8183
5587
1363
7527
9793
6549
3461
5493
895
8323
3519
5945
5241
741
8217
4877
6071
4209
2271
3859
9011
2721
2539
9847
1807
6869
3391
5897
6661
5471
9951
8353
7393
3297
7383
7659
131
953
3583
7697
3403
4233
2885
6403
1693
6681
8325
4929
3513
1607
2729
9509
2683
835
7539
3599
573
4461
9943
7773
9765
1049
1899
6369
2339
2677
6753
6611
9727
6425
2961
9479
2177
5451
5327
3955
4397
5281
7757
9837
6693
6863
259
5977
6305
8731
7917
7433
9039
9903
6959
2021
2427
4503
9605
5027
9943
7879
1559
5033
1945
3275
385
3875
8645
3137
5799
4021
4153
661
8053
9147
9921
4837
5931
2163
8405
673
7361
9219
381
1235
1131
9279
9975
6859
1003
3549
9361
3877
2913
7155
5959
4919
5531
8487
3107
8559
3979
8947
6855
4413
8391
9015
5137
9115
3603
6851
1799
5281
3109
9483
6565
5715
3613
4405
9229
389
7569
3649
7561
8933
7877
4993
3351
379
9181
3575
5555
983
2221
4773
4467
2703
873
1135
6171
7375
4629
3235
7125
9975
5525
1615
6593
6607
7337
2487
6719
293
7311
6365
9911
5789
8261
7807
6327
4167
8575
4435
8899
729
4321
2021
8939
8171
563
1305
8413
5957
1765
4949
9753
1077
9689
8503
1965
3409
3467
2717
6359
4069
8275
2075
7125
9871
5249
2139
8561
4843
2177
9351
2161
4623
619
1115
9349
923
4485
3687
1251
6671
7863
5795
2167
2407
7157
5747
3893
2821
6959
8251
1561
9721
3189
9985
7227
523
1741
8565
7225
4753
1873
4343
1523
